{
  "asset": {
    "version": "2.0",
    "generator": "THREE.GLTFExporter"
  },
  "scenes": [
    {
      "nodes": [
        0
      ]
    }
  ],
  "scene": 0,
  "nodes": [
    {
      "children": [
        28
      ],
      "matrix": [
        0.01,
        0,
        0,
        0,
        0,
        0.01,
        0,
        0,
        0,
        0,
        0.01,
        0,
        0,
        0,
        0,
        1
      ]
    },
    {
      "matrix": [
        0.9962450150458744,
        0.0865786925071376,
        2.0816681711721685e-17,
        0,
        6.938893903907228e-18,
        1.1102230246251565e-16,
        -1,
        0,
        -0.0865786925071376,
        0.9962450150458744,
        1.1102230246251565e-16,
        0,
        33.04535407307936,
        251.0871342419385,
        134.88020085258177,
        1
      ],
      "name": "Shape",
      "mesh": 0
    },
    {
      "matrix": [
        1.1102230246251565e-16,
        -0.9945218953682733,
        -0.10452846326765353,
        0,
        0.981627183447664,
        0.01994497106435511,
        -0.1897637237351974,
        0,
        0.19080899537654478,
        -0.10260798098753932,
        0.9762497270273905,
        0,
        48.92932693349415,
        -6.333164600261321,
        225.70243465910434,
        1
      ],
      "name": "Cube 7",
      "mesh": 1
    },
    {
      "matrix": [
        1.1102230246251565e-16,
        -0.9945218953682733,
        -0.10452846326765353,
        0,
        0.981627183447664,
        0.01994497106435511,
        -0.1897637237351974,
        0,
        0.19080899537654478,
        -0.10260798098753932,
        0.9762497270273905,
        0,
        50.719732778308156,
        -6.755753992790561,
        225.30808209309473,
        1
      ],
      "name": "Cube 6",
      "mesh": 2
    },
    {
      "matrix": [
        1.1102230246251565e-16,
        -0.9945218953682733,
        -0.10452846326765353,
        0,
        0.981627183447664,
        0.01994497106435511,
        -0.1897637237351974,
        0,
        0.19080899537654478,
        -0.10260798098753932,
        0.9762497270273905,
        0,
        48.719732778308156,
        -0.7557539927905612,
        226.30808209309473,
        1
      ],
      "name": "Cube 5",
      "mesh": 3
    },
    {
      "matrix": [
        1.1102230246251565e-16,
        -0.9945218953682733,
        -0.10452846326765353,
        0,
        0.981627183447664,
        0.01994497106435511,
        -0.1897637237351974,
        0,
        0.19080899537654478,
        -0.10260798098753932,
        0.9762497270273905,
        0,
        48.719732778308156,
        5.244246007209439,
        228.30808209309473,
        1
      ],
      "name": "Cube 4",
      "mesh": 4
    },
    {
      "matrix": [
        1.1102230246251565e-16,
        -0.9945218953682733,
        -0.10452846326765353,
        0,
        0.981627183447664,
        0.01994497106435511,
        -0.1897637237351974,
        0,
        0.19080899537654478,
        -0.10260798098753932,
        0.9762497270273905,
        0,
        48.719732778308156,
        11.24424600720944,
        228.30808209309473,
        1
      ],
      "name": "Cube 3",
      "mesh": 5
    },
    {
      "matrix": [
        1.1102230246251565e-16,
        -0.9945218953682733,
        -0.10452846326765353,
        0,
        0.981627183447664,
        0.01994497106435511,
        -0.1897637237351974,
        0,
        0.19080899537654478,
        -0.10260798098753932,
        0.9762497270273905,
        0,
        48.670860749330345,
        -0.09114808661721074,
        226.1879363006199,
        1
      ],
      "name": "Cube 2",
      "mesh": 6
    },
    {
      "matrix": [
        -8.079458439061321e-16,
        -1.2062438720480466,
        -0.12678133971552044,
        0,
        0.19476267004295672,
        -0.10252678475050425,
        0.9754771964359098,
        0,
        -2.915121148396253,
        -0.060505397867544136,
        0.5756704067595592,
        0,
        46.8402493912363,
        -31.865165740189987,
        211.1103764598614,
        1
      ],
      "name": "Cube",
      "mesh": 7
    },
    {
      "matrix": [
        0.5883484054145521,
        0.39223227027636803,
        -0.7071067811865475,
        0,
        -0.554700196225229,
        0.8320502943378437,
        0,
        0,
        0.588348405414552,
        0.392232270276368,
        0.7071067811865476,
        0,
        0,
        0,
        0,
        1
      ],
      "name": "Directional Light",
      "extensions": {
        "KHR_lights_punctual": {
          "light": 0
        }
      }
    },
    {
      "matrix": [
        1,
        0,
        0,
        0,
        0,
        2.220446049250519e-16,
        -1.0000000000000928,
        0,
        0,
        1.0000000000000928,
        2.220446049250519e-16,
        0,
        21.443359375,
        -244.75507249293537,
        111.1866143976804,
        1
      ],
      "name": "Floor",
      "mesh": 8
    },
    {
      "matrix": [
        0.9962450150458735,
        0.0865786925071376,
        0,
        0,
        -0.08657869250713765,
        0.9962450150458744,
        0,
        0,
        0,
        0,
        0.9999999999999991,
        0,
        -19.443216626611235,
        -31.19516951105497,
        -23.26703714623658,
        1
      ],
      "name": "Body",
      "mesh": 9
    },
    {
      "matrix": [
        0.9962450150458744,
        0.08450071792569583,
        0.018854672266774775,
        0,
        -0.08450071792569583,
        0.996423098729795,
        -0.0007981151265440737,
        0,
        -0.018854672266774786,
        -0.0007981151265439349,
        0.9998219163160796,
        0,
        -24.801340382378395,
        21.54187430729087,
        0.38842472964307717,
        1
      ],
      "name": "Cylinder",
      "mesh": 10
    },
    {
      "matrix": [
        -0.5866479740014859,
        0.8097750605561841,
        -0.010416616590293878,
        0,
        -0.8096225391709853,
        -0.5867399034610499,
        -0.01573625599860151,
        0,
        -0.018854672266774793,
        -0.000798115126543955,
        0.9998219163160796,
        0,
        -47.51324550774443,
        17.38267941396971,
        0.003491193067191034,
        1
      ],
      "name": "Torus 2",
      "mesh": 11
    },
    {
      "matrix": [
        -0.5866479740014859,
        0.8097750605561841,
        -0.010416616590293878,
        0,
        -0.8096225391709853,
        -0.5867399034610499,
        -0.01573625599860151,
        0,
        -0.018854672266774793,
        -0.000798115126543955,
        0.9998219163160796,
        0,
        -1.8851822996515217,
        20.986797775337394,
        0.8668236178241955,
        1
      ],
      "name": "Torus",
      "mesh": 12
    },
    {
      "matrix": [
        0.5118423925025088,
        0,
        0,
        0,
        0,
        0.49955766689017644,
        -0.11146646228321216,
        0,
        0,
        0.11146646228321216,
        0.49955766689017644,
        0,
        -14.17953023096766,
        77.12351649664619,
        147.57557586463204,
        1
      ],
      "name": "Group",
      "children": [
        12,
        13,
        14
      ]
    },
    {
      "matrix": [
        0.9962450150458744,
        0.08657869250713765,
        0,
        0,
        -0.08657869250713765,
        0.9962450150458744,
        0,
        0,
        0,
        0,
        1,
        0,
        51.11212549274788,
        82.7237377520744,
        117.2086032965697,
        1
      ],
      "name": "Sphere 3",
      "mesh": 13
    },
    {
      "matrix": [
        0.9962450150458744,
        0.08657869250713765,
        0,
        0,
        -0.08657869250713765,
        0.9962450150458744,
        0,
        0,
        0,
        0,
        1,
        0,
        -112.81547570642955,
        68.47760636540669,
        117.2086032965697,
        1
      ],
      "name": "Sphere 2",
      "mesh": 14
    },
    {
      "matrix": [
        -1,
        1.2246467991473532e-16,
        1.4997597826618576e-32,
        0,
        1.2246467991473532e-16,
        1,
        1.2246467991473532e-16,
        0,
        0,
        1.2246467991473532e-16,
        -1,
        0,
        -8.101899077546197,
        -165.4487623228374,
        -186.90937749115852,
        1
      ],
      "name": "Sphere",
      "mesh": 15
    },
    {
      "matrix": [
        0.7875547938049794,
        0.012551386597134815,
        -0.12380321234532426,
        0,
        0.12443782661446677,
        -0.07943649413050712,
        0.7835383823690157,
        0,
        -2.2355938876199828e-17,
        -0.7932588682343679,
        -0.08042197401989555,
        0,
        107.52999874865341,
        -78.29405723906413,
        146.63535527303696,
        1
      ],
      "name": "Cube 5",
      "mesh": 16
    },
    {
      "matrix": [
        0.7164708425696236,
        0.34367136113782243,
        -0.06547406523930879,
        0,
        0.3487579325503434,
        -0.7134048633356347,
        0.07175466110303824,
        0,
        -0.02765433362964949,
        -0.0931172510358521,
        -0.7913859623020868,
        0,
        71.21027672135122,
        -197.72351381026996,
        36.9593615486386,
        1
      ],
      "name": "Cube 7",
      "mesh": 17
    },
    {
      "matrix": [
        0.7902583156884901,
        -0.10481206751342889,
        -0.015282373063881808,
        0,
        -0.10224655619825691,
        -0.7849018626559608,
        0.09592723118337786,
        0,
        -0.027654333629647948,
        -0.09311725103584745,
        -0.7913859623020476,
        0,
        -101.6175475675199,
        -197.14376637790835,
        41.88652568361739,
        1
      ],
      "name": "Cube 6",
      "mesh": 18
    },
    {
      "matrix": [
        0.7334907377427462,
        0.031530296063258384,
        -0.31100563341117793,
        0,
        0.3125998457826345,
        -0.07398333822841593,
        0.7297500448913931,
        0,
        -2.153409518086041e-16,
        -0.7932588682343648,
        -0.08042197401989566,
        0,
        -30.167888570563406,
        -83.07116522036718,
        168.1624814083023,
        1
      ],
      "name": "Cube 4",
      "mesh": 19
    },
    {
      "matrix": [
        0.860503238093478,
        0.34640310924711226,
        0,
        0,
        -0.3464031092471122,
        0.8605032380934777,
        0,
        0,
        0,
        0,
        0.9276103367607703,
        0,
        -17.231130871175367,
        215.12127618115593,
        -8.870245170702573,
        1
      ],
      "name": "Cube 3",
      "mesh": 20
    },
    {
      "matrix": [
        0.9134193868764905,
        -0.16163527011021736,
        0,
        0,
        0.16163527011021733,
        0.9134193868764903,
        0,
        0,
        0,
        0,
        0.9276103367607703,
        0,
        -69.74575720341738,
        208.6952782969174,
        -8.870245170702573,
        1
      ],
      "name": "Cube 2",
      "mesh": 21
    },
    {
      "matrix": [
        1,
        0,
        0,
        0,
        0,
        1,
        0,
        0,
        0,
        0,
        1,
        0,
        -3.898100922453807,
        45.40814683316012,
        18.190426733168877,
        1
      ],
      "name": "Big",
      "children": [
        11,
        15,
        16,
        17,
        18,
        19,
        20,
        21,
        22,
        23,
        24
      ]
    },
    {
      "matrix": [
        0.94619629562938,
        4.4258505693672845e-8,
        0.3235932170754462,
        0,
        0.04554378336281827,
        0.9900460131365731,
        -0.13317152724729533,
        0,
        -0.320372180337556,
        0.14074406514085944,
        0.9367778681167622,
        0,
        -324.46109784972543,
        143.04377553348618,
        1145.1743896089813,
        1
      ],
      "camera": 0
    },
    {
      "matrix": [
        1,
        0,
        0,
        0,
        0,
        1,
        0,
        0,
        0,
        0,
        1,
        0,
        0,
        1,
        0,
        1
      ],
      "name": "Default Ambient Light"
    },
    {
      "name": "Scene",
      "children": [
        1,
        2,
        3,
        4,
        5,
        6,
        7,
        8,
        9,
        10,
        25,
        26,
        27
      ]
    }
  ],
  "bufferViews": [
    {
      "buffer": 0,
      "byteOffset": 0,
      "byteLength": 12,
      "target": 34962,
      "byteStride": 12
    },
    {
      "buffer": 0,
      "byteOffset": 12,
      "byteLength": 12,
      "target": 34962,
      "byteStride": 12
    },
    {
      "buffer": 0,
      "byteOffset": 24,
      "byteLength": 8,
      "target": 34962,
      "byteStride": 8
    },
    {
      "buffer": 0,
      "byteOffset": 32,
      "byteLength": 12,
      "target": 34963
    },
    {
      "buffer": 0,
      "byteOffset": 44,
      "byteLength": 7200,
      "target": 34962,
      "byteStride": 12
    },
    {
      "buffer": 0,
      "byteOffset": 7244,
      "byteLength": 7200,
      "target": 34962,
      "byteStride": 12
    },
    {
      "buffer": 0,
      "byteOffset": 14444,
      "byteLength": 4800,
      "target": 34962,
      "byteStride": 8
    },
    {
      "buffer": 0,
      "byteOffset": 19244,
      "byteLength": 4296,
      "target": 34963
    },
    {
      "buffer": 0,
      "byteOffset": 23540,
      "byteLength": 7200,
      "target": 34962,
      "byteStride": 12
    },
    {
      "buffer": 0,
      "byteOffset": 30740,
      "byteLength": 7200,
      "target": 34962,
      "byteStride": 12
    },
    {
      "buffer": 0,
      "byteOffset": 37940,
      "byteLength": 4800,
      "target": 34962,
      "byteStride": 8
    },
    {
      "buffer": 0,
      "byteOffset": 42740,
      "byteLength": 4296,
      "target": 34963
    },
    {
      "buffer": 0,
      "byteOffset": 47036,
      "byteLength": 7200,
      "target": 34962,
      "byteStride": 12
    },
    {
      "buffer": 0,
      "byteOffset": 54236,
      "byteLength": 7200,
      "target": 34962,
      "byteStride": 12
    },
    {
      "buffer": 0,
      "byteOffset": 61436,
      "byteLength": 4800,
      "target": 34962,
      "byteStride": 8
    },
    {
      "buffer": 0,
      "byteOffset": 66236,
      "byteLength": 4296,
      "target": 34963
    },
    {
      "buffer": 0,
      "byteOffset": 70532,
      "byteLength": 7200,
      "target": 34962,
      "byteStride": 12
    },
    {
      "buffer": 0,
      "byteOffset": 77732,
      "byteLength": 7200,
      "target": 34962,
      "byteStride": 12
    },
    {
      "buffer": 0,
      "byteOffset": 84932,
      "byteLength": 4800,
      "target": 34962,
      "byteStride": 8
    },
    {
      "buffer": 0,
      "byteOffset": 89732,
      "byteLength": 4296,
      "target": 34963
    },
    {
      "buffer": 0,
      "byteOffset": 94028,
      "byteLength": 7200,
      "target": 34962,
      "byteStride": 12
    },
    {
      "buffer": 0,
      "byteOffset": 101228,
      "byteLength": 7200,
      "target": 34962,
      "byteStride": 12
    },
    {
      "buffer": 0,
      "byteOffset": 108428,
      "byteLength": 4800,
      "target": 34962,
      "byteStride": 8
    },
    {
      "buffer": 0,
      "byteOffset": 113228,
      "byteLength": 4296,
      "target": 34963
    },
    {
      "buffer": 0,
      "byteOffset": 117524,
      "byteLength": 7200,
      "target": 34962,
      "byteStride": 12
    },
    {
      "buffer": 0,
      "byteOffset": 124724,
      "byteLength": 7200,
      "target": 34962,
      "byteStride": 12
    },
    {
      "buffer": 0,
      "byteOffset": 131924,
      "byteLength": 4800,
      "target": 34962,
      "byteStride": 8
    },
    {
      "buffer": 0,
      "byteOffset": 136724,
      "byteLength": 4296,
      "target": 34963
    },
    {
      "buffer": 0,
      "byteOffset": 141020,
      "byteLength": 7200,
      "target": 34962,
      "byteStride": 12
    },
    {
      "buffer": 0,
      "byteOffset": 148220,
      "byteLength": 7200,
      "target": 34962,
      "byteStride": 12
    },
    {
      "buffer": 0,
      "byteOffset": 155420,
      "byteLength": 4800,
      "target": 34962,
      "byteStride": 8
    },
    {
      "buffer": 0,
      "byteOffset": 160220,
      "byteLength": 4296,
      "target": 34963
    },
    {
      "buffer": 0,
      "byteOffset": 164516,
      "byteLength": 48,
      "target": 34962,
      "byteStride": 12
    },
    {
      "buffer": 0,
      "byteOffset": 164564,
      "byteLength": 48,
      "target": 34962,
      "byteStride": 12
    },
    {
      "buffer": 0,
      "byteOffset": 164612,
      "byteLength": 32,
      "target": 34962,
      "byteStride": 8
    },
    {
      "buffer": 0,
      "byteOffset": 164644,
      "byteLength": 24,
      "target": 34963
    },
    {
      "buffer": 0,
      "byteOffset": 164668,
      "byteLength": 122880,
      "target": 34962,
      "byteStride": 12
    },
    {
      "buffer": 0,
      "byteOffset": 287548,
      "byteLength": 122880,
      "target": 34962,
      "byteStride": 12
    },
    {
      "buffer": 0,
      "byteOffset": 410428,
      "byteLength": 61440,
      "target": 34963
    },
    {
      "buffer": 0,
      "byteOffset": 471868,
      "byteLength": 18720,
      "target": 34962,
      "byteStride": 12
    },
    {
      "buffer": 0,
      "byteOffset": 490588,
      "byteLength": 18720,
      "target": 34962,
      "byteStride": 12
    },
    {
      "buffer": 0,
      "byteOffset": 509308,
      "byteLength": 12480,
      "target": 34962,
      "byteStride": 8
    },
    {
      "buffer": 0,
      "byteOffset": 521788,
      "byteLength": 17280,
      "target": 34963
    },
    {
      "buffer": 0,
      "byteOffset": 539068,
      "byteLength": 15444,
      "target": 34962,
      "byteStride": 12
    },
    {
      "buffer": 0,
      "byteOffset": 554512,
      "byteLength": 15444,
      "target": 34962,
      "byteStride": 12
    },
    {
      "buffer": 0,
      "byteOffset": 569956,
      "byteLength": 10296,
      "target": 34962,
      "byteStride": 8
    },
    {
      "buffer": 0,
      "byteOffset": 580252,
      "byteLength": 14208,
      "target": 34963
    },
    {
      "buffer": 0,
      "byteOffset": 594460,
      "byteLength": 15444,
      "target": 34962,
      "byteStride": 12
    },
    {
      "buffer": 0,
      "byteOffset": 609904,
      "byteLength": 15444,
      "target": 34962,
      "byteStride": 12
    },
    {
      "buffer": 0,
      "byteOffset": 625348,
      "byteLength": 10296,
      "target": 34962,
      "byteStride": 8
    },
    {
      "buffer": 0,
      "byteOffset": 635644,
      "byteLength": 14208,
      "target": 34963
    },
    {
      "buffer": 0,
      "byteOffset": 649852,
      "byteLength": 50700,
      "target": 34962,
      "byteStride": 12
    },
    {
      "buffer": 0,
      "byteOffset": 700552,
      "byteLength": 50700,
      "target": 34962,
      "byteStride": 12
    },
    {
      "buffer": 0,
      "byteOffset": 751252,
      "byteLength": 33800,
      "target": 34962,
      "byteStride": 8
    },
    {
      "buffer": 0,
      "byteOffset": 785052,
      "byteLength": 48384,
      "target": 34963
    },
    {
      "buffer": 0,
      "byteOffset": 833436,
      "byteLength": 50700,
      "target": 34962,
      "byteStride": 12
    },
    {
      "buffer": 0,
      "byteOffset": 884136,
      "byteLength": 50700,
      "target": 34962,
      "byteStride": 12
    },
    {
      "buffer": 0,
      "byteOffset": 934836,
      "byteLength": 33800,
      "target": 34962,
      "byteStride": 8
    },
    {
      "buffer": 0,
      "byteOffset": 968636,
      "byteLength": 48384,
      "target": 34963
    },
    {
      "buffer": 0,
      "byteOffset": 1017020,
      "byteLength": 50700,
      "target": 34962,
      "byteStride": 12
    },
    {
      "buffer": 0,
      "byteOffset": 1067720,
      "byteLength": 50700,
      "target": 34962,
      "byteStride": 12
    },
    {
      "buffer": 0,
      "byteOffset": 1118420,
      "byteLength": 33800,
      "target": 34962,
      "byteStride": 8
    },
    {
      "buffer": 0,
      "byteOffset": 1152220,
      "byteLength": 48384,
      "target": 34963
    },
    {
      "buffer": 0,
      "byteOffset": 1200604,
      "byteLength": 43008,
      "target": 34962,
      "byteStride": 12
    },
    {
      "buffer": 0,
      "byteOffset": 1243612,
      "byteLength": 43008,
      "target": 34962,
      "byteStride": 12
    },
    {
      "buffer": 0,
      "byteOffset": 1286620,
      "byteLength": 21504,
      "target": 34963
    },
    {
      "buffer": 0,
      "byteOffset": 1308124,
      "byteLength": 43008,
      "target": 34962,
      "byteStride": 12
    },
    {
      "buffer": 0,
      "byteOffset": 1351132,
      "byteLength": 43008,
      "target": 34962,
      "byteStride": 12
    },
    {
      "buffer": 0,
      "byteOffset": 1394140,
      "byteLength": 21504,
      "target": 34963
    },
    {
      "buffer": 0,
      "byteOffset": 1415644,
      "byteLength": 43008,
      "target": 34962,
      "byteStride": 12
    },
    {
      "buffer": 0,
      "byteOffset": 1458652,
      "byteLength": 43008,
      "target": 34962,
      "byteStride": 12
    },
    {
      "buffer": 0,
      "byteOffset": 1501660,
      "byteLength": 21504,
      "target": 34963
    },
    {
      "buffer": 0,
      "byteOffset": 1523164,
      "byteLength": 43008,
      "target": 34962,
      "byteStride": 12
    },
    {
      "buffer": 0,
      "byteOffset": 1566172,
      "byteLength": 43008,
      "target": 34962,
      "byteStride": 12
    },
    {
      "buffer": 0,
      "byteOffset": 1609180,
      "byteLength": 21504,
      "target": 34963
    },
    {
      "buffer": 0,
      "byteOffset": 1630684,
      "byteLength": 10752,
      "target": 34962,
      "byteStride": 12
    },
    {
      "buffer": 0,
      "byteOffset": 1641436,
      "byteLength": 10752,
      "target": 34962,
      "byteStride": 12
    },
    {
      "buffer": 0,
      "byteOffset": 1652188,
      "byteLength": 5376,
      "target": 34963
    },
    {
      "buffer": 0,
      "byteOffset": 1657564,
      "byteLength": 10752,
      "target": 34962,
      "byteStride": 12
    },
    {
      "buffer": 0,
      "byteOffset": 1668316,
      "byteLength": 10752,
      "target": 34962,
      "byteStride": 12
    },
    {
      "buffer": 0,
      "byteOffset": 1679068,
      "byteLength": 5376,
      "target": 34963
    }
  ],
  "buffers": [
    {
      "byteLength": 1684444,
